19
EASY
659010280
100050030
200800010
000135070
800900002
003078640
302009004
000001800
008760000
EASY
060072001
800136500
003400000
200650030
006007010
000200860
907084000
008009070
000721083
EASY
000000920
540030100
008057004
050080003
903046800
100300040
070400000
361079080
000060037
EASY
530070000
600195000
098000060
800060003
400803001
700020006
060000280
000419005
000080079
MEDIUM
700840205
030150400
005060070
090034580
028700903
503900600
004520090
009408000
800001700
MEDIUM
000000700
390708540
860054000
906047000
134200090
058109004
540923008
000070905
000001030
MEDIUM
890764500
040300009
327900000
080053010
000601000
600000040
700490830
009008270
000000000
MEDIUM
000000070
070010590
080302016
650409003
004000000
000760000
910600000
027900040
405100000
MEDIUM
000542019
100006000
029000600
000090064
032607098
000030000
207018050
000009030
003765901
MEDIUM
351008706
040700100
070000954
804020600
032000000
000010003
710046005
006059070
000000000
MEDIUM
057100008
183000090
400000000
802030000
070010800
500489000
049000760
060070900
715390000
HARD
000000002
000000940
003000005
092305074
840000000
067098000
000706000
000900020
408500360
HARD
406000059
000040200
070000000
005910060
013000894
000200001
508000000
000030008
040060100
HARD
000008090
003001000
200007600
000020000
094080200
710040905
100900530
570000840
000006021
HARD
070010020
500027001
002508004
000900000
860100953
000300100
300000009
020750000
000230480
HARD
840000701
000080050
006000004
070130400
023000198
000500003
790000000
000020009
008040030
HARD
700005090
040080000
020401536
407000050
000850000
000100403
000090080
900006007
000000025
HARD
003007060
007800200
000000030
000050001
005408379
0302790640
500000003
070394000
004005080
FIENDISH
007300205
004009000
000000760
400000078
010500002
008006100
020001400
000800037
000005000